1.466036878555021
1.1965807174080374
0.0
0.2
1.0
5.655791015773865
1.6
1.1
0.0
5.5
1.7
2.4893544579202365
15.225000000000005
16.480748524578154
0.0
2.429796069666429
1.0025750220020022
14.112115633688848
1.8010767899322495
0.0
18.683117312307342
0.0
1.156446625962907
0.0
3.3
4.4
17.0
18.8
6.186222126538207
3.121086036187392
6.0
6.605565113112822
1.7
3.987767468881832
2.7
9.005524558879452
6.0
3.0708697403408065
12.206568454046426
5.3
8.256837039769959
8.099500440684258
4.628837544427882
1.9333333333333331
2.339005963198112
0.9
1.2
21.3
3.4167481372124118
1.8824665305856436
4.0
0.9
3.0172980965466274
4.520281524010604
0.0
2.7
2.5
0.0
1.835
7.5
0.8
2.962674967121272
10.0
3.5
12.727921955936827
12.3
1.6
2.0
2.126203690123189
1.6754052466370517
2.5
20.0
