C:\Users\voronkina.2018\Desktop\код\Bio\Scripts\python.exe C:/Users/voronkina.2018/Desktop/код/Bio/main.py
Matrix T for X
[[-2.21736577e+00  0.00000000e+00]
 [-1.38068962e-01  0.00000000e+00]
 [-2.81411099e+00  0.00000000e+00]
 [-2.67551592e+00  0.00000000e+00]
 [-4.66545321e-01  0.00000000e+00]
 [-6.99514190e-01  0.00000000e+00]
 [-4.36028851e-01  0.00000000e+00]
 [ 2.51606691e-01  0.00000000e+00]
 [-3.70853138e-01  0.00000000e+00]
 [ 5.76870001e-01  0.00000000e+00]
 [-9.60203662e-01  0.00000000e+00]
 [-8.41970000e-01  0.00000000e+00]
 [ 2.09314203e+00  0.00000000e+00]
 [ 4.83721433e+00  0.00000000e+00]
 [-3.22854654e+00  0.00000000e+00]
 [-2.38689789e+00  0.00000000e+00]
 [-2.75741406e-02  0.00000000e+00]
 [ 2.25976856e+00  0.00000000e+00]
 [-6.79560270e-02  0.00000000e+00]
 [-3.42139220e+00  0.00000000e+00]
 [ 1.12534482e+01  0.00000000e+00]
 [-3.23891152e+00  0.00000000e+00]
 [-2.38049794e+00  0.00000000e+00]
 [-1.41902325e+00  0.00000000e+00]
 [ 5.20720741e-01  0.00000000e+00]
 [-5.00516305e-01  0.00000000e+00]
 [ 2.12803413e+00  0.00000000e+00]
 [ 3.89289549e+00  0.00000000e+00]
 [ 3.93530851e-01  0.00000000e+00]
 [ 6.06035030e-01  0.00000000e+00]
 [ 9.73633910e-02  0.00000000e+00]
 [ 1.01970085e+00  0.00000000e+00]
 [-2.52495455e+00  0.00000000e+00]
 [ 8.73445931e-01  0.00000000e+00]
 [-1.49973082e+00  0.00000000e+00]
 [ 1.27191685e+00  0.00000000e+00]
 [ 3.82768934e-01  0.00000000e+00]
 [-1.44263921e+00  0.00000000e+00]
 [ 2.61806843e+00  0.00000000e+00]
 [ 8.69621353e-01  0.00000000e+00]
 [-1.22130870e-01  0.00000000e+00]
 [ 7.36941824e-01  0.00000000e+00]
 [ 7.62551749e-01  0.00000000e+00]
 [-2.82995328e+00  0.00000000e+00]
 [-2.33031468e+00  0.00000000e+00]
 [-1.87810218e+00  0.00000000e+00]
 [-3.17248404e+00  0.00000000e+00]
 [ 7.71857595e+00  0.00000000e+00]
 [-2.37636894e+00  0.00000000e+00]
 [ 2.82569972e-01  0.00000000e+00]
 [-6.81008759e-01  0.00000000e+00]
 [-2.33463036e+00  0.00000000e+00]
 [-1.66259823e+00  0.00000000e+00]
 [-8.70278436e-01  0.00000000e+00]
 [-1.40553613e+00  0.00000000e+00]
 [-2.03629152e+00  0.00000000e+00]
 [ 3.57135971e-01  0.00000000e+00]
 [ 1.27686808e+00  0.00000000e+00]
 [-6.62626705e-01  0.00000000e+00]
 [ 3.87797935e+00  0.00000000e+00]
 [-1.73080178e+00  0.00000000e+00]
 [-4.61001749e-01  0.00000000e+00]
 [ 7.03183882e-03  0.00000000e+00]
 [ 4.25552637e-01  0.00000000e+00]
 [ 2.42455292e+00  0.00000000e+00]
 [ 4.73378406e+00  0.00000000e+00]
 [-6.33738891e-01  0.00000000e+00]
 [-1.87355410e+00  0.00000000e+00]
 [-1.06590989e+00  0.00000000e+00]
 [-1.92151262e+00  0.00000000e+00]
 [-1.61456301e+00  0.00000000e+00]
 [ 6.87252719e+00  0.00000000e+00]]
-----
Matrix U for Y
[[-1.96115426  0.        ]
 [-2.09634627  0.        ]
 [-2.80413276  0.        ]
 [-2.6962608   0.        ]
 [-2.22252548  0.        ]
 [ 0.41597187  0.        ]
 [-1.88229226  0.        ]
 [-2.15267627  0.        ]
 [-2.77843557  0.        ]
 [ 0.32584387  0.        ]
 [-1.83159525  0.        ]
 [-1.39222123  0.        ]
 [ 5.78422118  0.        ]
 [ 6.51651122  0.        ]
 [-2.77748754  0.        ]
 [-1.42601923  0.        ]
 [-2.18084127  0.        ]
 [ 5.16459114  0.        ]
 [-1.78089825  0.        ]
 [-2.77050375  0.        ]
 [ 7.75577129  0.        ]
 [-2.76256122  0.        ]
 [-2.11887827  0.        ]
 [-2.77418773  0.        ]
 [-0.9021502   0.        ]
 [-0.31068517  0.        ]
 [ 6.79816123  0.        ]
 [ 7.81210129  0.        ]
 [ 0.69762189  0.        ]
 [-0.98101221  0.        ]
 [ 0.63002589  0.        ]
 [ 0.9342079   0.        ]
 [-1.84286125  0.        ]
 [-0.54727118  0.        ]
 [-1.28519422  0.        ]
 [ 2.26359598  0.        ]
 [ 0.61312688  0.        ]
 [-1.05987421  0.        ]
 [ 4.09432108  0.        ]
 [ 0.19628486  0.        ]
 [ 1.86928596  0.        ]
 [ 1.77915795  0.        ]
 [-0.15859416  0.        ]
 [-1.69640325  0.        ]
 [-1.44855123  0.        ]
 [-2.28223528  0.        ]
 [-2.06254827  0.        ]
 [ 9.16402137  0.        ]
 [-0.8401872   0.        ]
 [-1.74146725  0.        ]
 [-0.51347318  0.        ]
 [-2.22759518  0.        ]
 [-1.05424121  0.        ]
 [-0.25998816  0.        ]
 [-2.77977566  0.        ]
 [-1.26829522  0.        ]
 [-1.37532223  0.        ]
 [-2.79433134  0.        ]
 [-1.74146725  0.        ]
 [ 1.44117793  0.        ]
 [-2.33011578  0.        ]
 [-1.11620421  0.        ]
 [ 2.83252901  0.        ]
 [-0.78949019  0.        ]
 [ 4.3759711   0.        ]
 [ 4.15065108  0.        ]
 [-1.88229226  0.        ]
 [-1.64570624  0.        ]
 [-1.56121124  0.        ]
 [-1.84286125  0.        ]
 [-1.35279023  0.        ]
 [ 8.48806133  0.        ]]
-----
Matrix P for X
[[ 1.42801328e-01  0.00000000e+00]
 [ 5.12007955e-03  0.00000000e+00]
 [ 3.81802978e-02  0.00000000e+00]
 [-6.33096626e-02  0.00000000e+00]
 [-6.40830024e-02  0.00000000e+00]
 [ 8.53512016e-02  0.00000000e+00]
 [ 2.82787615e-02  0.00000000e+00]
 [-4.10987576e-02  0.00000000e+00]
 [-1.34729934e-01  0.00000000e+00]
 [ 2.90278482e-02  0.00000000e+00]
 [-1.24633052e-01  0.00000000e+00]
 [-1.27365334e-01  0.00000000e+00]
 [-1.40381933e-02  0.00000000e+00]
 [ 1.36722008e-01  0.00000000e+00]
 [ 1.87454079e-02  0.00000000e+00]
 [-4.69676940e-02  0.00000000e+00]
 [-1.73184257e-01  0.00000000e+00]
 [-1.09639521e-01  0.00000000e+00]
 [-1.55810005e-01  0.00000000e+00]
 [ 3.88767190e-02  0.00000000e+00]
 [-5.99148037e-02  0.00000000e+00]
 [-1.87094573e-02  0.00000000e+00]
 [ 2.69101234e-02  0.00000000e+00]
 [-1.90104600e-02  0.00000000e+00]
 [-2.15873722e-02  0.00000000e+00]
 [ 1.13102836e-01  0.00000000e+00]
 [-1.14290657e-01  0.00000000e+00]
 [-7.36178679e-02  0.00000000e+00]
 [-5.34197387e-02  0.00000000e+00]
 [-5.59873504e-02  0.00000000e+00]
 [ 1.02375696e-01  0.00000000e+00]
 [-2.34503156e-02  0.00000000e+00]
 [-6.80971976e-04  0.00000000e+00]
 [-1.17905501e-01  0.00000000e+00]
 [-1.53313004e-02  0.00000000e+00]
 [-4.45457670e-02  0.00000000e+00]
 [-2.28411463e-02  0.00000000e+00]
 [-6.36599619e-02  0.00000000e+00]
 [ 4.12470690e-02  0.00000000e+00]
 [ 7.81613943e-02  0.00000000e+00]
 [-1.79544815e-02  0.00000000e+00]
 [-7.59105808e-02  0.00000000e+00]
 [-6.07527927e-02  0.00000000e+00]
 [-2.41671411e-02  0.00000000e+00]
 [ 1.81688541e-03  0.00000000e+00]
 [-1.21702056e-02  0.00000000e+00]
 [-1.09047490e-01  0.00000000e+00]
 [-1.73590353e-01  0.00000000e+00]
 [-1.51715999e-02  0.00000000e+00]
 [-1.02033204e-01  0.00000000e+00]
 [-9.70161396e-02  0.00000000e+00]
 [-2.25829993e-03  0.00000000e+00]
 [-5.07243042e-02  0.00000000e+00]
 [-1.70638227e-01  0.00000000e+00]
 [ 3.60458779e-02  0.00000000e+00]
 [-3.43408920e-02  0.00000000e+00]
 [ 1.66603637e-03  0.00000000e+00]
 [ 4.32998313e-02  0.00000000e+00]
 [ 2.93266332e-02  0.00000000e+00]
 [-4.80612376e-02  0.00000000e+00]
 [-2.71447638e-02  0.00000000e+00]
 [ 3.02740984e-02  0.00000000e+00]
 [ 7.39897994e-02  0.00000000e+00]
 [-2.76493596e-02  0.00000000e+00]
 [-3.35470658e-02  0.00000000e+00]
 [ 4.36567011e-02  0.00000000e+00]
 [-7.63238450e-03  0.00000000e+00]
 [ 5.15757418e-02  0.00000000e+00]
 [ 6.75704266e-02  0.00000000e+00]
 [ 1.11057246e-01  0.00000000e+00]
 [ 1.02928913e-02  0.00000000e+00]
 [-4.67412510e-02  0.00000000e+00]
 [ 5.83588189e-02  0.00000000e+00]
 [-1.16340067e-01  0.00000000e+00]
 [-9.59510183e-02  0.00000000e+00]
 [-1.40121005e-01  0.00000000e+00]
 [-8.51943930e-02  0.00000000e+00]
 [ 2.38533464e-02  0.00000000e+00]
 [-4.83938201e-02  0.00000000e+00]
 [-7.27021050e-02  0.00000000e+00]
 [-4.48691452e-02  0.00000000e+00]
 [-5.12280407e-02  0.00000000e+00]
 [-7.20054732e-02  0.00000000e+00]
 [ 3.08695989e-02  0.00000000e+00]
 [ 5.96497520e-02  0.00000000e+00]
 [ 2.58054295e-03  0.00000000e+00]
 [ 9.39068669e-02  0.00000000e+00]
 [ 3.18968642e-02  0.00000000e+00]
 [-1.11508706e-02  0.00000000e+00]
 [ 7.29174235e-02  0.00000000e+00]
 [ 2.67567309e-02  0.00000000e+00]
 [ 1.01448851e-01  0.00000000e+00]
 [ 6.39366884e-02  0.00000000e+00]
 [ 4.08456179e-02  0.00000000e+00]
 [-9.38349002e-02  0.00000000e+00]
 [ 1.20658858e-02  0.00000000e+00]
 [ 4.89149225e-02  0.00000000e+00]
 [ 1.48400440e-02  0.00000000e+00]
 [-4.26499813e-02  0.00000000e+00]
 [-1.16024684e-01  0.00000000e+00]
 [-4.30938556e-02  0.00000000e+00]
 [-5.88355444e-02  0.00000000e+00]
 [-6.14657910e-03  0.00000000e+00]
 [-7.66114435e-02  0.00000000e+00]
 [-6.46418992e-02  0.00000000e+00]
 [ 6.61495124e-02  0.00000000e+00]
 [-2.11207660e-02  0.00000000e+00]
 [-4.46135025e-02  0.00000000e+00]
 [-1.29345223e-01  0.00000000e+00]
 [ 9.21441529e-03  0.00000000e+00]
 [-1.95712454e-02  0.00000000e+00]
 [-1.67121829e-02  0.00000000e+00]
 [-1.08573264e-01  0.00000000e+00]
 [-3.70306174e-02  0.00000000e+00]
 [-4.59660174e-02  0.00000000e+00]
 [-3.69632700e-02  0.00000000e+00]
 [ 1.81315992e-04  0.00000000e+00]
 [ 5.35236101e-02  0.00000000e+00]
 [ 4.18151433e-02  0.00000000e+00]
 [-6.47109944e-02  0.00000000e+00]
 [-9.04640713e-02  0.00000000e+00]
 [ 9.48427082e-02  0.00000000e+00]
 [-3.34463327e-02  0.00000000e+00]
 [-8.75684131e-02  0.00000000e+00]
 [ 1.05940896e-01  0.00000000e+00]
 [ 5.91613257e-02  0.00000000e+00]
 [ 8.12404119e-03  0.00000000e+00]
 [-1.07581040e-01  0.00000000e+00]
 [ 1.01244097e-01  0.00000000e+00]
 [-5.34931650e-02  0.00000000e+00]
 [ 2.93827792e-02  0.00000000e+00]
 [ 6.51995852e-02  0.00000000e+00]
 [-2.60252404e-03  0.00000000e+00]
 [-1.19771850e-01  0.00000000e+00]
 [-5.85391642e-02  0.00000000e+00]
 [-1.57985872e-01  0.00000000e+00]
 [-1.77275568e-02  0.00000000e+00]
 [ 7.91105480e-02  0.00000000e+00]
 [ 7.99545430e-02  0.00000000e+00]
 [-1.94387965e-02  0.00000000e+00]
 [ 2.92505549e-02  0.00000000e+00]
 [ 2.48612416e-02  0.00000000e+00]
 [ 3.76242650e-02  0.00000000e+00]
 [-1.10393224e-03  0.00000000e+00]
 [-1.24768955e-01  0.00000000e+00]
 [ 1.05608105e-01  0.00000000e+00]
 [-2.94747786e-02  0.00000000e+00]
 [ 3.95549638e-02  0.00000000e+00]
 [ 6.15304841e-02  0.00000000e+00]
 [-3.50035169e-02  0.00000000e+00]
 [-3.44803620e-02  0.00000000e+00]
 [ 3.49754325e-02  0.00000000e+00]
 [-1.06561276e-01  0.00000000e+00]
 [-9.17160474e-02  0.00000000e+00]
 [-2.53664507e-03  0.00000000e+00]
 [ 9.18184904e-03  0.00000000e+00]
 [-2.88114772e-02  0.00000000e+00]
 [ 5.02396072e-03  0.00000000e+00]
 [ 5.37983615e-02  0.00000000e+00]
 [ 4.79750764e-02  0.00000000e+00]
 [ 1.47616029e-02  0.00000000e+00]
 [-1.00242755e-01  0.00000000e+00]
 [ 3.11742463e-02  0.00000000e+00]
 [ 3.01232023e-02  0.00000000e+00]
 [ 7.75690712e-02  0.00000000e+00]
 [ 3.80422945e-02  0.00000000e+00]
 [-5.05479941e-02  0.00000000e+00]
 [ 5.19163907e-02  0.00000000e+00]
 [ 3.24991056e-02  0.00000000e+00]
 [-2.24886051e-02  0.00000000e+00]
 [ 4.62781869e-02  0.00000000e+00]
 [-5.10331490e-02  0.00000000e+00]
 [ 1.85587216e-03  0.00000000e+00]
 [ 1.83047747e-01  0.00000000e+00]
 [ 3.24952116e-03  0.00000000e+00]
 [-7.58554726e-03  0.00000000e+00]
 [ 1.06872690e-01  0.00000000e+00]
 [ 1.97156518e-01  0.00000000e+00]
 [ 1.95775035e-01  0.00000000e+00]
 [ 1.95775035e-01  0.00000000e+00]
 [-4.14132679e-02  0.00000000e+00]
 [-2.46865957e-02  0.00000000e+00]
 [ 3.24435941e-01  0.00000000e+00]
 [ 3.25393493e-01  0.00000000e+00]]
------
Matrix Q for Y
[[0.32446775 0.        ]]
End -------------------------------------------------------------------------------------------

Matrix T for X
[[-2.21736577e+00 -3.15409564e-01]
 [-1.38068962e-01  1.33368297e-01]
 [-2.81411099e+00  2.70895046e-01]
 [-2.67551592e+00 -1.56258082e+00]
 [-4.66545321e-01 -6.49199291e+00]
 [-6.99514190e-01  2.57984515e+00]
 [-4.36028851e-01 -1.52738848e+00]
 [ 2.51606691e-01 -1.01948201e+00]
 [-3.70853138e-01  8.28123772e-01]
 [ 5.76870001e-01 -2.18823702e+00]
 [-9.60203662e-01 -1.28445626e+00]
 [-8.41970000e-01  2.77600603e-01]
 [ 2.09314203e+00  4.46886429e+00]
 [ 4.83721433e+00  2.89166885e+00]
 [-3.22854654e+00 -6.71740174e-01]
 [-2.38689789e+00  9.02048878e-01]
 [-2.75741406e-02  3.40476886e-01]
 [ 2.25976856e+00  5.45239933e+00]
 [-6.79560270e-02 -1.03895370e+00]
 [-3.42139220e+00 -2.83793168e-01]
 [ 1.12534482e+01 -7.00615786e+00]
 [-3.23891152e+00 -4.50357614e+00]
 [-2.38049794e+00 -1.72260937e-01]
 [-1.41902325e+00 -1.71501742e+00]
 [ 5.20720741e-01  4.58713525e-01]
 [-5.00516305e-01  4.60583061e-01]
 [ 2.12803413e+00  4.44715549e+00]
 [ 3.89289549e+00  4.97202893e+00]
 [ 3.93530851e-01  1.69079412e+00]
 [ 6.06035030e-01 -3.34724131e+00]
 [ 9.73633910e-02  9.15280766e-01]
 [ 1.01970085e+00  1.02685845e+00]
 [-2.52495455e+00  1.29960107e-01]
 [ 8.73445931e-01 -1.73802214e+00]
 [-1.49973082e+00  4.48085728e-01]
 [ 1.27191685e+00  1.63329279e+00]
 [ 3.82768934e-01  2.59171379e-02]
 [-1.44263921e+00  2.31571832e-01]
 [ 2.61806843e+00  2.18414818e+00]
 [ 8.69621353e-01  2.31165496e+00]
 [-1.22130870e-01  1.62296143e+00]
 [ 7.36941824e-01  1.05095803e+00]
 [ 7.62551749e-01 -2.41656047e-03]
 [-2.82995328e+00  3.14085825e+00]
 [-2.33031468e+00  6.32764291e-01]
 [-1.87810218e+00  1.60360633e+00]
 [-3.17248404e+00  2.22267183e+00]
 [ 7.71857595e+00  2.88641588e+00]
 [-2.37636894e+00  2.57022600e+00]
 [ 2.82569972e-01 -3.00612792e+00]
 [-6.81008759e-01  3.44076137e-01]
 [-2.33463036e+00  1.63243668e+00]
 [-1.66259823e+00 -5.48996566e-01]
 [-8.70278436e-01  1.76074469e+00]
 [-1.40553613e+00 -6.72814175e-01]
 [-2.03629152e+00  1.26713847e+00]
 [ 3.57135971e-01  4.30223021e-01]
 [ 1.27686808e+00 -7.13677096e+00]
 [-6.62626705e-01  7.35708554e-02]
 [ 3.87797935e+00 -4.26468938e+00]
 [-1.73080178e+00 -8.33829253e-01]
 [-4.61001749e-01 -2.56596648e-01]
 [ 7.03183882e-03  7.29316567e-01]
 [ 4.25552637e-01 -3.12667380e+00]
 [ 2.42455292e+00  1.58333513e+00]
 [ 4.73378406e+00 -1.19346072e+00]
 [-6.33738891e-01 -5.29938740e+00]
 [-1.87355410e+00 -9.58210382e-01]
 [-1.06590989e+00 -1.62056280e+00]
 [-1.92151262e+00 -1.27429346e+00]
 [-1.61456301e+00  4.82386886e-01]
 [ 6.87252719e+00  1.94611330e+00]]
-----
Matrix U for Y
[[-1.96115426  0.52080688]
 [-2.09634627 -3.98063423]
 [-2.80413276  0.02028298]
 [-2.6962608  -0.04216859]
 [-2.22252548 -3.56942027]
 [ 0.41597187  2.26747355]
 [-1.88229226 -2.93985208]
 [-2.15267627 -4.88723993]
 [-2.77843557 -4.89394685]
 [ 0.32584387 -0.51026645]
 [-1.83159525 -1.77129724]
 [-1.39222123 -1.11850802]
 [ 5.78422118  7.50293942]
 [ 6.51651122  3.41354447]
 [-2.77748754  0.91687775]
 [-1.42601923  1.95319961]
 [-2.18084127 -4.37699442]
 [ 5.16459114  5.90469804]
 [-1.78089825 -3.4819361 ]
 [-2.77050375  1.32307557]
 [ 7.75577129 -7.10980643]
 [-2.76256122  0.96828796]
 [-2.11887827  0.53180017]
 [-2.77418773 -2.75467324]
 [-0.9021502  -2.89230169]
 [-0.31068517  0.38587401]
 [ 6.79816123  9.49307218]
 [ 7.81210129  7.96665759]
 [ 0.69762189  0.61813268]
 [-0.98101221 -3.22602653]
 [ 0.63002589  1.08275501]
 [ 0.9342079  -0.17378343]
 [-1.84286125  1.38650635]
 [-0.54727118 -2.88792356]
 [-1.28519422  0.43609336]
 [ 2.26359598  2.01580843]
 [ 0.61312688  0.46825378]
 [-1.05987421  0.77805501]
 [ 4.09432108  3.00081189]
 [ 0.19628486 -1.3687062 ]
 [ 1.86928596  4.04799767]
 [ 1.77915795  2.11853611]
 [-0.15859416 -1.87243396]
 [-1.69640325  2.3041926 ]
 [-1.44855123  1.79238035]
 [-2.28223528 -0.82149041]
 [-2.06254827  2.25619136]
 [ 9.16402137  2.93818934]
 [-0.8401872   3.1226311 ]
 [-1.74146725 -4.11430588]
 [-0.51347318  0.34055333]
 [-2.22759518  0.21757282]
 [-1.05424121  1.23662096]
 [-0.25998816  1.24055073]
 [-2.77977566 -2.79344754]
 [-1.26829522  1.5611233 ]
 [-1.37532223 -3.52160666]
 [-2.79433134 -8.27561843]
 [-1.74146725 -2.19298338]
 [ 1.44117793 -4.95334094]
 [-2.33011578 -1.21823902]
 [-1.11620421 -1.33184475]
 [ 2.83252901  5.74345151]
 [-0.78949019 -2.46984483]
 [ 4.3759711   3.96669153]
 [ 4.15065108 -1.18534749]
 [-1.88229226 -2.53796244]
 [-1.64570624  0.46315146]
 [-1.56121124 -1.00681017]
 [-1.84286125  0.15987639]
 [-1.35279023  0.53211142]
 [ 8.48806133  3.28393249]]
-----
Matrix P for X
[[ 1.42801328e-01 -2.28910173e-02]
 [ 5.12007955e-03 -1.79303255e-02]
 [ 3.81802978e-02  3.42262775e-02]
 [-6.33096626e-02 -1.14738294e-01]
 [-6.40830024e-02  6.63053125e-02]
 [ 8.53512016e-02 -2.46750281e-02]
 [ 2.82787615e-02  9.14572748e-02]
 [-4.10987576e-02 -3.43687580e-02]
 [-1.34729934e-01 -3.77390402e-03]
 [ 2.90278482e-02  2.81007468e-02]
 [-1.24633052e-01  2.39680817e-02]
 [-1.27365334e-01  8.03789357e-02]
 [-1.40381933e-02  1.11737440e-01]
 [ 1.36722008e-01 -9.88283906e-02]
 [ 1.87454079e-02 -6.80668746e-02]
 [-4.69676940e-02  5.31584036e-02]
 [-1.73184257e-01  5.03120922e-02]
 [-1.09639521e-01  2.02481095e-01]
 [-1.55810005e-01  1.17127553e-01]
 [ 3.88767190e-02 -8.02434557e-02]
 [-5.99148037e-02  2.46006130e-01]
 [-1.87094573e-02  1.03908023e-01]
 [ 2.69101234e-02 -1.11422703e-02]
 [-1.90104600e-02  1.01984246e-01]
 [-2.15873722e-02  8.58451479e-02]
 [ 1.13102836e-01  5.34660145e-02]
 [-1.14290657e-01  6.46844442e-02]
 [-7.36178679e-02  5.54768264e-02]
 [-5.34197387e-02 -1.24927673e-01]
 [-5.59873504e-02 -8.10530150e-02]
 [ 1.02375696e-01 -9.59032836e-02]
 [-2.34503156e-02 -1.86498983e-01]
 [-6.80971976e-04  7.27565857e-03]
 [-1.17905501e-01 -5.20033334e-02]
 [-1.53313004e-02  5.39085749e-02]
 [-4.45457670e-02  5.62200967e-02]
 [-2.28411463e-02  2.43566390e-02]
 [-6.36599619e-02  8.10974938e-05]
 [ 4.12470690e-02 -2.17462676e-02]
 [ 7.81613943e-02 -6.53723008e-02]
 [-1.79544815e-02  2.10941414e-02]
 [-7.59105808e-02  1.98311999e-02]
 [-6.07527927e-02 -6.29895545e-02]
 [-2.41671411e-02 -5.32612101e-02]
 [ 1.81688541e-03  7.55251359e-02]
 [-1.21702056e-02  2.93149239e-02]
 [-1.09047490e-01  2.09292271e-01]
 [-1.73590353e-01  1.59233784e-01]
 [-1.51715999e-02  6.22500051e-02]
 [-1.02033204e-01  1.92100018e-01]
 [-9.70161396e-02  6.91807899e-02]
 [-2.25829993e-03 -4.03366477e-02]
 [-5.07243042e-02  4.74723768e-02]
 [-1.70638227e-01  1.76868431e-01]
 [ 3.60458779e-02  1.61331831e-01]
 [-3.43408920e-02  9.54224064e-02]
 [ 1.66603637e-03  5.14495545e-02]
 [ 4.32998313e-02 -1.24261711e-02]
 [ 2.93266332e-02  2.78201482e-02]
 [-4.80612376e-02  1.05795918e-01]
 [-2.71447638e-02 -2.13678219e-02]
 [ 3.02740984e-02  1.16845413e-01]
 [ 7.39897994e-02 -4.95362972e-02]
 [-2.76493596e-02 -1.16653996e-01]
 [-3.35470658e-02 -1.83464819e-02]
 [ 4.36567011e-02  1.75958976e-02]
 [-7.63238450e-03 -7.59066555e-02]
 [ 5.15757418e-02 -4.81945935e-02]
 [ 6.75704266e-02  3.02735426e-02]
 [ 1.11057246e-01 -8.23560622e-02]
 [ 1.02928913e-02  7.18557775e-02]
 [-4.67412510e-02  8.67484863e-02]
 [ 5.83588189e-02 -6.93345597e-02]
 [-1.16340067e-01  1.55476174e-01]
 [-9.59510183e-02 -3.85719103e-02]
 [-1.40121005e-01  1.57224697e-01]
 [-8.51943930e-02  1.56359581e-01]
 [ 2.38533464e-02  6.56102057e-02]
 [-4.83938201e-02 -6.55957394e-02]
 [-7.27021050e-02 -2.97295636e-02]
 [-4.48691452e-02  1.56628989e-01]
 [-5.12280407e-02  5.57113450e-02]
 [-7.20054732e-02 -7.91246547e-02]
 [ 3.08695989e-02 -5.01739095e-02]
 [ 5.96497520e-02 -4.82707183e-02]
 [ 2.58054295e-03  5.65908315e-02]
 [ 9.39068669e-02  1.14748904e-01]
 [ 3.18968642e-02  1.11006120e-02]
 [-1.11508706e-02 -3.31451623e-02]
 [ 7.29174235e-02  1.10678144e-02]
 [ 2.67567309e-02 -3.17660241e-02]
 [ 1.01448851e-01 -3.56981011e-02]
 [ 6.39366884e-02  4.39818132e-02]
 [ 4.08456179e-02  4.99098766e-02]
 [-9.38349002e-02  4.41173403e-02]
 [ 1.20658858e-02 -4.84549075e-02]
 [ 4.89149225e-02 -1.97079423e-02]
 [ 1.48400440e-02  4.51940559e-02]
 [-4.26499813e-02  9.87118570e-02]
 [-1.16024684e-01  1.58766967e-01]
 [-4.30938556e-02  7.43827836e-02]
 [-5.88355444e-02 -1.99146002e-02]
 [-6.14657910e-03 -1.29622359e-02]
 [-7.66114435e-02 -3.24781950e-02]
 [-6.46418992e-02 -6.46940201e-02]
 [ 6.61495124e-02  2.40621533e-02]
 [-2.11207660e-02  4.63895883e-02]
 [-4.46135025e-02 -5.32586595e-02]
 [-1.29345223e-01  1.52416818e-01]
 [ 9.21441529e-03  1.14784553e-01]
 [-1.95712454e-02  3.01590247e-02]
 [-1.67121829e-02  8.00393443e-02]
 [-1.08573264e-01  8.54599231e-02]
 [-3.70306174e-02 -6.18300617e-03]
 [-4.59660174e-02  1.59177488e-01]
 [-3.69632700e-02  4.61568096e-02]
 [ 1.81315992e-04 -1.12051506e-01]
 [ 5.35236101e-02 -1.13283031e-01]
 [ 4.18151433e-02 -2.97164268e-02]
 [-6.47109944e-02 -3.11719811e-02]
 [-9.04640713e-02  7.60018415e-02]
 [ 9.48427082e-02 -2.07310948e-02]
 [-3.34463327e-02  2.44459483e-02]
 [-8.75684131e-02 -4.89853061e-02]
 [ 1.05940896e-01  4.83481980e-02]
 [ 5.91613257e-02 -4.09483552e-02]
 [ 8.12404119e-03 -1.16819212e-02]
 [-1.07581040e-01  6.28584642e-02]
 [ 1.01244097e-01 -1.17864938e-01]
 [-5.34931650e-02  1.19925793e-01]
 [ 2.93827792e-02 -1.01401596e-02]
 [ 6.51995852e-02 -5.00603346e-02]
 [-2.60252404e-03  1.73488410e-02]
 [-1.19771850e-01  1.97310502e-01]
 [-5.85391642e-02 -1.02409393e-02]
 [-1.57985872e-01  4.87289683e-02]
 [-1.77275568e-02  1.15400436e-01]
 [ 7.91105480e-02  9.37246200e-03]
 [ 7.99545430e-02 -6.95882227e-02]
 [-1.94387965e-02 -4.07027562e-03]
 [ 2.92505549e-02 -3.27486552e-02]
 [ 2.48612416e-02 -3.56213187e-02]
 [ 3.76242650e-02 -9.23540377e-02]
 [-1.10393224e-03  1.38584809e-01]
 [-1.24768955e-01 -2.11661901e-02]
 [ 1.05608105e-01 -1.16538113e-01]
 [-2.94747786e-02 -3.88785634e-02]
 [ 3.95549638e-02 -3.92087098e-02]
 [ 6.15304841e-02  2.14137704e-02]
 [-3.50035169e-02  6.21532945e-02]
 [-3.44803620e-02  5.49345781e-02]
 [ 3.49754325e-02  3.93311776e-02]
 [-1.06561276e-01  1.31611724e-02]
 [-9.17160474e-02  8.20188329e-02]
 [-2.53664507e-03  1.65272984e-02]
 [ 9.18184904e-03 -7.54431959e-02]
 [-2.88114772e-02 -4.52395649e-02]
 [ 5.02396072e-03 -7.72194682e-02]
 [ 5.37983615e-02  5.10882334e-02]
 [ 4.79750764e-02 -1.18658293e-01]
 [ 1.47616029e-02  5.91929821e-02]
 [-1.00242755e-01  5.46021628e-02]
 [ 3.11742463e-02 -1.81608760e-02]
 [ 3.01232023e-02 -6.53829194e-02]
 [ 7.75690712e-02  7.76244651e-02]
 [ 3.80422945e-02  1.09214129e-01]
 [-5.05479941e-02  1.44276320e-01]
 [ 5.19163907e-02 -5.78249173e-02]
 [ 3.24991056e-02 -3.09497010e-02]
 [-2.24886051e-02  7.42925137e-02]
 [ 4.62781869e-02 -1.47585530e-01]
 [-5.10331490e-02  4.39287974e-02]
 [ 1.85587216e-03  1.55825499e-02]
 [ 1.83047747e-01 -1.52315300e-01]
 [ 3.24952116e-03 -5.25490651e-03]
 [-7.58554726e-03 -2.89800098e-02]
 [ 1.06872690e-01 -2.27871951e-02]
 [ 1.97156518e-01 -1.48639244e-01]
 [ 1.95775035e-01 -1.32931815e-01]
 [ 1.95775035e-01 -1.32931815e-01]
 [-4.14132679e-02 -3.26840466e-03]
 [-2.46865957e-02 -3.25400003e-02]
 [ 3.24435941e-01  1.59635063e-01]
 [ 3.25393493e-01  1.59413718e-01]]
------
Matrix Q for Y
[[0.32446775 0.15962226]]
End -------------------------------------------------------------------------------------------


Process finished with exit code 0
